B413
6
48
837 554
833 573
836 577
832 608
827 611
784 901
717 890
730 815
661 802
646 877
595 868
608 792
572 788
559 861
502 850
514 777
479 771
467 844
409 832
422 762
387 757
374 826
317 816
329 745
294 740
283 809
230 799
280 457
339 467
328 535
363 541
374 472
433 483
420 552
457 557
467 487
525 499
514 567
550 572
561 504
617 514
607 582
642 588
653 520
711 529
699 599
734 604
746 537
4
702 774
726 638
693 631
667 767
4
613 759
636 622
601 616
579 753
4
520 743
543 606
509 600
486 736
4
427 727
450 591
416 585
393 721
4
334 711
357 575
323 569
300 705
1
2
40
268 780 0
272 748 0
363 799 0
367 763 0
413 497 0
547 835 0
507 513 0
456 813 0
634 849 0
692 544 0
663 702 0
573 657 0
598 529 0
501 542 0
408 527 0
317 481 0
314 512 0
386 658 0
389 626 0
282 687 0
285 656 0
292 620 0
297 586 0
376 696 0
394 596 0
461 783 0
554 802 0
640 817 0
470 717 0
475 681 0
480 648 0
487 614 0
560 733 0
565 698 0
578 627 0
591 558 0
684 575 0
652 743 0
668 672 0
671 639 0
1
744 830
0
