L405
5
25
739 233
1119 338
1120 342
1121 344
1114 374
1111 378
1109 398
1107 431
1110 466
1115 495
1124 527
1136 558
1147 582
806 770
785 727
761 673
744 620
731 575
724 530
717 487
715 452
715 411
715 370
721 328
728 280
6
760 287
751 353
1047 385
1051 354
821 325
825 294
4
761 400
757 432
1048 464
1052 430
4
770 486
767 518
1058 550
1061 516
4
799 572
795 604
926 617
928 585
1
3
31
763 374 0
793 376 0
822 380 0
771 456 0
802 458 0
785 540 0
811 626 0
844 630 0
879 635 0
907 637 0
813 543 0
842 546 0
871 548 0
834 462 0
864 464 0
855 382 0
886 385 0
919 390 0
895 466 0
927 472 0
904 550 0
939 556 0
973 559 0
962 472 0
952 391 0
990 395 0
1022 399 0
992 477 0
1024 479 0
1003 562 0
1036 564 0
1
812 273
0
