L405_5
5
21
740 231
1121 336
1119 341
1121 344
1115 373
1111 379
1107 424
1111 468
1119 512
1130 546
1148 581
806 769
775 706
751 645
734 584
723 535
718 486
715 434
714 376
721 327
728 280
6
757 297
751 360
1047 390
1048 359
820 333
822 302
4
755 404
753 437
1043 467
1047 435
4
766 493
763 522
1055 552
1058 522
4
800 577
797 611
926 625
928 593
1
3
31
768 379 0
792 381 0
820 383 0
769 461 0
795 464 0
823 465 0
781 546 0
809 546 0
837 548 0
863 552 0
892 556 0
926 559 0
958 560 0
997 562 0
808 628 0
836 631 0
866 633 0
900 637 0
854 467 0
884 468 0
1032 570 0
849 389 0
912 474 0
942 476 0
882 390 0
911 395 0
945 399 0
981 403 0
975 479 0
1012 482 0
1014 406 0
1
810 277
0
