L406
5
23
985 817
923 797
839 763
781 731
742 705
688 662
652 625
613 583
579 540
558 506
543 484
885 294
901 320
919 343
938 363
962 383
986 402
1010 416
1038 431
1049 435
1054 435
1083 446
1084 450
6
604 505
641 564
887 376
867 349
675 494
655 468
4
680 600
700 626
942 442
922 416
4
745 659
767 684
1010 500
989 473
4
845 707
865 734
974 651
952 624
1
20
31
894 738 0
797 684 0
729 629 0
755 609 0
823 661 0
666 569 0
689 548 0
715 526 0
780 586 0
808 567 0
846 647 0
871 629 0
919 715 0
947 699 0
975 675 0
744 504 0
773 481 0
803 460 0
898 605 0
924 588 0
948 568 0
830 549 0
854 528 0
880 509 0
973 551 0
999 531 0
902 492 0
929 472 0
828 440 0
853 424 0
877 407 0
1
631 458
0
