L407
5
25
1053 458
1244 783
1209 801
1166 823
1132 836
1084 853
1026 866
976 876
929 880
877 881
829 880
786 876
738 869
702 862
803 495
808 493
840 499
842 501
864 504
896 504
922 502
953 497
974 492
1006 481
1030 470
6
763 838
833 847
872 539
837 536
807 775
772 771
4
885 842
919 846
958 549
925 544
4
979 836
1012 840
1050 537
1016 534
4
1085 799
1118 802
1133 673
1100 668
1
15
28
941 832 0
943 795 0
948 764 0
955 732 0
959 697 0
964 664 0
852 828 0
1032 823 0
1139 785 0
1142 750 0
857 793 0
1037 789 0
1041 754 0
862 754 0
866 718 0
1045 714 0
1052 677 0
968 628 0
871 679 0
876 642 0
881 601 0
973 591 0
978 559 0
887 568 0
1057 642 0
1149 708 0
1061 599 0
1066 561 0
1
748 786
0
