L408
5
20
1582 385
1565 429
1539 482
1510 534
1471 587
1435 631
1406 660
1366 698
1324 731
1297 751
1251 779
1061 455
1096 428
1133 395
1155 368
1173 342
1193 306
1190 301
1201 271
1207 270
6
1265 703
1317 662
1158 458
1132 479
1251 632
1225 652
4
1346 629
1372 608
1213 396
1186 417
4
1399 572
1426 554
1276 357
1248 375
4
1448 496
1475 476
1399 381
1372 403
1
17
26
1316 637 0
1371 581 0
1478 444 0
1454 413 0
1431 379 0
1354 551 0
1334 521 0
1319 498 0
1296 470 0
1275 444 0
1254 417 0
1235 395 0
1298 609 0
1429 528 0
1281 585 0
1261 561 0
1410 503 0
1394 479 0
1246 534 0
1226 510 0
1372 453 0
1352 426 0
1201 479 0
1332 399 0
1310 373 0
1183 451 0
1
1220 673
0
