B410
3
13
834 460
1094 506
1032 852
606 778
601 784
567 777
566 772
683 517
681 514
694 486
697 486
709 465
831 488
9
984 802
1019 598
747 551
709 571
643 713
676 726
741 586
978 628
949 796
8
933 688
763 659
757 694
791 700
785 733
854 746
860 711
926 723
2
8
4
25
768 533 0
802 541 0
836 547 0
867 550 0
903 558 0
937 559 0
973 567 0
1005 572 0
1036 618 0
1028 651 0
1024 687 0
1016 719 0
1012 754 0
1006 789 0
780 642 0
815 647 0
846 651 0
874 658 0
904 660 0
686 576 0
675 599 0
664 624 0
651 649 0
637 681 0
719 541 0
1
828 761
0
